10000
-19998
-19990
-19984
-19982
-19980
-19970
-19962
-19956
-19954
-19950
-19948
-19946
-19944
-19942
-19940
-19938
-19936
-19932
-19928
-19922
-19918
-19916
-19914
-19910
-19902
-19900
-19898
-19896
-19892
-19890
-19888
-19886
-19884
-19882
-19872
-19868
-19866
-19862
-19860
-19854
-19852
-19850
-19848
-19842
-19840
-19834
-19832
-19830
-19828
-19824
-19822
-19820
-19816
-19812
-19800
-19798
-19796
-19794
-19788
-19780
-19778
-19772
-19770
-19768
-19766
-19762
-19758
-19756
-19754
-19752
-19750
-19742
-19738
-19734
-19728
-19720
-19718
-19712
-19710
-19708
-19704
-19700
-19694
-19682
-19680
-19678
-19676
-19666
-19662
-19660
-19654
-19652
-19650
-19646
-19640
-19636
-19632
-19628
-19620
-19610
-19604
-19602
-19600
-19594
-19590
-19588
-19584
-19582
-19576
-19572
-19570
-19566
-19560
-19558
-19556
-19552
-19550
-19542
-19536
-19516
-19510
-19508
-19506
-19502
-19500
-19496
-19488
-19484
-19480
-19478
-19476
-19474
-19470
-19462
-19458
-19442
-19438
-19436
-19432
-19422
-19412
-19408
-19406
-19402
-19400
-19396
-19394
-19392
-19390
-19388
-19386
-19382
-19374
-19370
-19368
-19364
-19358
-19356
-19354
-19350
-19348
-19344
-19342
-19338
-19334
-19330
-19328
-19322
-19320
-19318
-19316
-19312
-19308
-19306
-19304
-19300
-19298
-19296
-19286
-19274
-19272
-19268
-19266
-19264
-19258
-19256
-19254
-19252
-19246
-19244
-19236
-19232
-19226
-19222
-19220
-19214
-19212
-19208
-19198
-19194
-19190
-19188
-19186
-19182
-19180
-19178
-19174
-19172
-19162
-19154
-19152
-19142
-19140
-19128
-19126
-19124
-19122
-19116
-19110
-19108
-19106
-19104
-19102
-19100
-19092
-19090
-19082
-19080
-19074
-19072
-19070
-19064
-19062
-19060
-19058
-19054
-19052
-19046
-19044
-19040
-19036
-19034
-19030
-19028
-19024
-19022
-19020
-19018
-18998
-18994
-18992
-18990
-18984
-18982
-18972
-18970
-18964
-18962
-18960
-18944
-18936
-18930
-18926
-18924
-18922
-18920
-18918
-18914
-18912
-18910
-18908
-18902
-18898
-18896
-18894
-18888
-18886
-18882
-18880
-18866
-18864
-18862
-18860
-18850
-18848
-18844
-18836
-18830
-18824
-18822
-18820
-18818
-18814
-18808
-18794
-18790
-18784
-18782
-18772
-18768
-18760
-18752
-18748
-18746
-18742
-18740
-18732
-18726
-18722
-18720
-18712
-18706
-18702
-18700
-18696
-18694
-18692
-18688
-18686
-18684
-18680
-18678
-18674
-18670
-18668
-18662
-18660
-18658
-18656
-18654
-18652
-18648
-18646
-18644
-18642
-18640
-18638
-18636
-18632
-18630
-18628
-18622
-18620
-18612
-18594
-18590
-18588
-18586
-18582
-18576
-18574
-18572
-18568
-18566
-18562
-18560
-18552
-18548
-18546
-18544
-18542
-18534
-18532
-18530
-18516
-18508
-18502
-18492
-18486
-18478
-18474
-18466
-18462
-18456
-18454
-18444
-18440
-18438
-18436
-18434
-18432
-18430
-18426
-18424
-18412
-18410
-18408
-18406
-18404
-18402
-18392
-18382
-18380
-18370
-18368
-18364
-18362
-18360
-18358
-18354
-18352
-18350
-18344
-18342
-18338
-18336
-18334
-18330
-18320
-18312
-18310
-18306
-18302
-18286
-18284
-18274
-18272
-18270
-18268
-18266
-18264
-18262
-18260
-18258
-18250
-18248
-18246
-18238
-18236
-18232
-18226
-18224
-18216
-18212
-18208
-18204
-18202
-18200
-18198
-18186
-18178
-18164
-18156
-18148
-18142
-18140
-18136
-18134
-18132
-18122
-18120
-18098
-18092
-18090
-18086
-18080
-18076
-18072
-18068
-18066
-18064
-18060
-18058
-18054
-18052
-18044
-18042
-18040
-18036
-18034
-18032
-18030
-18028
-18026
-18018
-18016
-18014
-18010
-18008
-18006
-18002
-17998
-17994
-17988
-17986
-17978
-17974
-17968
-17966
-17960
-17958
-17956
-17946
-17934
-17932
-17926
-17918
-17916
-17912
-17902
-17900
-17898
-17894
-17890
-17886
-17882
-17878
-17876
-17874
-17862
-17858
-17856
-17854
-17850
-17844
-17840
-17836
-17832
-17826
-17824
-17820
-17816
-17810
-17806
-17802
-17800
-17790
-17788
-17786
-17774
-17766
-17764
-17760
-17756
-17750
-17748
-17746
-17740
-17738
-17736
-17732
-17730
-17728
-17718
-17716
-17710
-17708
-17700
-17696
-17690
-17686
-17684
-17680
-17676
-17668
-17666
-17658
-17652
-17650
-17648
-17646
-17634
-17628
-17624
-17620
-17616
-17614
-17612
-17610
-17608
-17606
-17604
-17600
-17592
-17590
-17588
-17586
-17566
-17564
-17552
-17550
-17546
-17538
-17534
-17532
-17524
-17522
-17520
-17512
-17510
-17502
-17498
-17496
-17494
-17486
-17482
-17480
-17478
-17472
-17460
-17452
-17450
-17444
-17438
-17436
-17432
-17426
-17422
-17420
-17418
-17416
-17414
-17412
-17410
-17402
-17398
-17392
-17388
-17382
-17378
-17376
-17374
-17372
-17370
-17368
-17362
-17358
-17354
-17350
-17346
-17344
-17338
-17328
-17326
-17318
-17312
-17310
-17306
-17302
-17296
-17290
-17286
-17268
-17262
-17260
-17258
-17256
-17252
-17244
-17242
-17236
-17232
-17228
-17226
-17220
-17216
-17214
-17212
-17208
-17204
-17202
-17200
-17198
-17196
-17194
-17188
-17182
-17180
-17176
-17172
-17168
-17166
-17160
-17152
-17148
-17144
-17134
-17130
-17126
-17124
-17122
-17118
-17116
-17112
-17110
-17104
-17100
-17094
-17092
-17090
-17088
-17082
-17078
-17074
-17072
-17068
-17064
-17062
-17056
-17048
-17038
-17036
-17034
-17032
-17030
-17028
-17026
-17024
-17022
-17018
-17014
-17008
-17006
-16994
-16984
-16980
-16978
-16972
-16970
-16968
-16962
-16954
-16952
-16942
-16940
-16934
-16922
-16920
-16918
-16912
-16910
-16906
-16902
-16898
-16888
-16884
-16882
-16878
-16876
-16874
-16872
-16870
-16868
-16866
-16864
-16862
-16858
-16856
-16854
-16850
-16848
-16844
-16838
-16836
-16832
-16828
-16826
-16824
-16820
-16818
-16816
-16814
-16806
-16804
-16802
-16796
-16794
-16784
-16778
-16776
-16772
-16770
-16762
-16756
-16748
-16746
-16738
-16736
-16732
-16730
-16728
-16726
-16724
-16720
-16718
-16714
-16708
-16706
-16704
-16700
-16698
-16694
-16690
-16688
-16684
-16668
-16664
-16662
-16654
-16652
-16650
-16646
-16642
-16636
-16632
-16624
-16620
-16616
-16614
-16612
-16610
-16608
-16604
-16600
-16594
-16582
-16580
-16578
-16576
-16570
-16568
-16566
-16546
-16544
-16542
-16540
-16538
-16532
-16530
-16528
-16526
-16522
-16520
-16518
-16516
-16512
-16510
-16506
-16504
-16496
-16484
-16478
-16472
-16470
-16464
-16456
-16454
-16452
-16446
-16444
-16442
-16440
-16438
-16434
-16428
-16420
-16418
-16416
-16414
-16412
-16408
-16404
-16402
-16400
-16398
-16396
-16386
-16378
-16370
-16366
-16358
-16356
-16354
-16344
-16342
-16338
-16336
-16328
-16326
-16324
-16322
-16314
-16310
-16308
-16304
-16302
-16298
-16296
-16292
-16278
-16270
-16266
-16258
-16256
-16250
-16244
-16242
-16238
-16236
-16230
-16228
-16224
-16220
-16218
-16216
-16210
-16198
-16192
-16186
-16184
-16180
-16174
-16172
-16168
-16166
-16164
-16162
-16160
-16152
-16150
-16142
-16140
-16138
-16136
-16134
-16132
-16128
-16126
-16118
-16110
-16104
-16090
-16076
-16068
-16066
-16064
-16062
-16058
-16056
-16054
-16052
-16048
-16046
-16042
-16036
-16034
-16028
-16020
-16018
-16012
-16010
-16008
-16004
-16002
-15996
-15994
-15992
-15990
-15986
-15984
-15982
-15980
-15972
-15968
-15966
-15958
-15956
-15950
-15948
-15944
-15936
-15928
-15920
-15918
-15916
-15914
-15912
-15910
-15908
-15906
-15902
-15896
-15890
-15888
-15882
-15876
-15866
-15862
-15860
-15856
-15852
-15848
-15846
-15844
-15842
-15836
-15820
-15814
-15810
-15804
-15802
-15800
-15796
-15788
-15784
-15782
-15778
-15774
-15772
-15770
-15768
-15766
-15758
-15756
-15754
-15752
-15748
-15744
-15742
-15738
-15734
-15732
-15728
-15720
-15716
-15714
-15712
-15710
-15706
-15702
-15696
-15694
-15692
-15688
-15686
-15684
-15676
-15674
-15672
-15670
-15664
-15658
-15656
-15654
-15644
-15642
-15634
-15628
-15616
-15610
-15608
-15606
-15604
-15600
-15598
-15594
-15592
-15580
-15578
-15574
-15570
-15562
-15560
-15554
-15552
-15550
-15548
-15546
-15542
-15540
-15538
-15536
-15530
-15526
-15524
-15522
-15520
-15518
-15516
-15506
-15502
-15498
-15496
-15494
-15490
-15488
-15480
-15478
-15476
-15470
-15468
-15464
-15460
-15458
-15454
-15452
-15448
-15446
-15440
-15436
-15434
-15432
-15430
-15424
-15420
-15416
-15406
-15400
-15396
-15392
-15388
-15386
-15384
-15380
-15376
-15374
-15372
-15370
-15366
-15364
-15360
-15358
-15356
-15352
-15346
-15344
-15340
-15338
-15336
-15334
-15330
-15324
-15316
-15312
-15308
-15306
-15300
-15298
-15296
-15294
-15292
-15290
-15288
-15286
-15284
-15274
-15270
-15268
-15266
-15254
-15252
-15248
-15246
-15244
-15242
-15238
-15234
-15232
-15226
-15224
-15220
-15216
-15214
-15212
-15208
-15204
-15202
-15200
-15198
-15196
-15188
-15186
-15184
-15178
-15176
-15172
-15170
-15168
-15166
-15162
-15160
-15158
-15156
-15146
-15144
-15136
-15134
-15132
-15130
-15128
-15126
-15124
-15122
-15120
-15118
-15116
-15114
-15110
-15108
-15100
-15098
-15090
-15088
-15084
-15082
-15078
-15076
-15074
-15070
-15066
-15064
-15050
-15046
-15044
-15040
-15038
-15034
-15032
-15028
-15024
-15020
-15018
-15016
-15012
-15004
-15002
-14998
-14994
-14988
-14984
-14982
-14980
-14978
-14974
-14970
-14966
-14962
-14960
-14956
-14948
-14944
-14938
-14932
-14924
-14922
-14920
-14912
-14910
-14908
-14906
-14902
-14900
-14898
-14896
-14892
-14890
-14882
-14872
-14868
-14864
-14862
-14860
-14856
-14854
-14848
-14844
-14842
-14838
-14836
-14834
-14828
-14822
-14816
-14812
-14810
-14806
-14802
-14800
-14798
-14792
-14790
-14786
-14782
-14780
-14776
-14774
-14770
-14768
-14762
-14760
-14756
-14754
-14750
-14744
-14734
-14732
-14724
-14720
-14718
-14716
-14710
-14708
-14706
-14704
-14702
-14698
-14696
-14694
-14690
-14676
-14668
-14666
-14662
-14658
-14656
-14654
-14652
-14650
-14646
-14644
-14642
-14640
-14638
-14632
-14628
-14618
-14616
-14608
-14606
-14602
-14600
-14596
-14588
-14586
-14584
-14582
-14580
-14578
-14574
-14572
-14570
-14566
-14564
-14562
-14558
-14556
-14554
-14550
-14548
-14546
-14538
-14532
-14530
-14528
-14524
-14520
-14518
-14516
-14510
-14500
-14498
-14496
-14494
-14490
-14486
-14484
-14482
-14478
-14462
-14458
-14452
-14450
-14448
-14446
-14444
-14440
-14438
-14430
-14426
-14424
-14420
-14410
-14406
-14400
-14398
-14394
-14392
-14386
-14384
-14382
-14378
-14374
-14368
-14366
-14364
-14362
-14360
-14358
-14356
-14354
-14352
-14350
-14348
-14346
-14344
-14340
-14338
-14336
-14334
-14332
-14330
-14326
-14324
-14322
-14310
-14306
-14302
-14298
-14292
-14290
-14284
-14280
-14274
-14268
-14266
-14258
-14254
-14252
-14250
-14248
-14238
-14236
-14232
-14230
-14228
-14214
-14210
-14208
-14204
-14200
-14198
-14194
-14184
-14182
-14180
-14178
-14170
-14168
-14166
-14164
-14162
-14160
-14156
-14154
-14152
-14146
-14144
-14140
-14138
-14132
-14130
-14128
-14126
-14124
-14118
-14114
-14112
-14110
-14104
-14092
-14090
-14086
-14080
-14078
-14076
-14072
-14070
-14068
-14066
-14064
-14060
-14054
-14040
-14038
-14036
-14028
-14026
-14024
-14022
-14008
-14004
-14002
-13992
-13990
-13988
-13978
-13974
-13972
-13970
-13968
-13966
-13964
-13962
-13960
-13954
-13952
-13944
-13940
-13938
-13936
-13928
-13926
-13922
-13916
-13914
-13910
-13906
-13900
-13898
-13894
-13892
-13886
-13882
-13880
-13876
-13874
-13864
-13860
-13858
-13854
-13852
-13850
-13842
-13834
-13832
-13824
-13822
-13816
-13804
-13802
-13798
-13790
-13788
-13786
-13778
-13776
-13772
-13766
-13764
-13762
-13758
-13754
-13752
-13748
-13746
-13744
-13742
-13736
-13732
-13724
-13718
-13716
-13714
-13708
-13702
-13700
-13696
-13688
-13684
-13682
-13680
-13678
-13674
-13658
-13648
-13644
-13642
-13636
-13632
-13630
-13620
-13618
-13616
-13606
-13604
-13600
-13598
-13590
-13588
-13586
-13582
-13578
-13574
-13572
-13570
-13568
-13566
-13564
-13562
-13560
-13558
-13554
-13548
-13546
-13542
-13540
-13538
-13536
-13528
-13516
-13514
-13510
-13508
-13506
-13504
-13500
-13498
-13492
-13490
-13484
-13482
-13466
-13454
-13452
-13450
-13446
-13444
-13440
-13438
-13434
-13430
-13424
-13418
-13416
-13414
-13412
-13410
-13390
-13388
-13382
-13374
-13372
-13370
-13368
-13366
-13364
-13362
-13360
-13356
-13354
-13352
-13344
-13340
-13338
-13336
-13332
-13330
-13328
-13326
-13324
-13322
-13316
-13312
-13308
-13304
-13292
-13290
-13278
-13276
-13274
-13272
-13266
-13264
-13260
-13256
-13254
-13248
-13246
-13236
-13232
-13226
-13222
-13220
-13218
-13210
-13206
-13194
-13192
-13186
-13182
-13176
-13172
-13170
-13168
-13166
-13162
-13160
-13156
-13154
-13146
-13142
-13134
-13130
-13128
-13124
-13122
-13112
-13110
-13108
-13106
-13102
-13098
-13088
-13078
-13076
-13074
-13068
-13066
-13062
-13060
-13058
-13054
-13052
-13048
-13042
-13040
-13036
-13032
-13026
-13022
-13020
-13018
-13016
-13012
-13010
-13006
-13004
-13002
-13000
-12998
-12996
-12964
-12962
-12960
-12956
-12932
-12926
-12916
-12908
-12902
-12896
-12890
-12882
-12876
-12872
-12870
-12868
-12864
-12860
-12858
-12856
-12854
-12848
-12846
-12844
-12842
-12840
-12832
-12822
-12820
-12818
-12816
-12812
-12810
-12806
-12800
-12786
-12784
-12782
-12776
-12772
-12768
-12766
-12758
-12754
-12752
-12750
-12746
-12742
-12718
-12706
-12696
-12694
-12692
-12690
-12688
-12686
-12684
-12682
-12666
-12660
-12656
-12644
-12634
-12616
-12614
-12606
-12604
-12602
-12598
-12592
-12590
-12588
-12586
-12584
-12582
-12578
-12574
-12564
-12562
-12560
-12556
-12554
-12552
-12548
-12546
-12540
-12536
-12528
-12526
-12524
-12522
-12520
-12516
-12512
-12510
-12508
-12494
-12490
-12488
-12484
-12480
-12470
-12468
-12458
-12456
-12454
-12450
-12444
-12442
-12436
-12434
-12432
-12430
-12428
-12426
-12420
-12418
-12414
-12412
-12410
-12408
-12406
-12402
-12398
-12396
-12394
-12392
-12384
-12382
-12378
-12376
-12366
-12362
-12360
-12356
-12354
-12346
-12344
-12340
-12338
-12336
-12334
-12328
-12322
-12318
-12314
-12310
-12306
-12302
-12296
-12294
-12286
-12284
-12282
-12280
-12276
-12272
-12264
-12262
-12260
-12258
-12256
-12250
-12246
-12240
-12236
-12234
-12232
-12224
-12222
-12220
-12218
-12210
-12206
-12204
-12202
-12196
-12186
-12184
-12178
-12174
-12172
-12168
-12166
-12156
-12154
-12152
-12146
-12142
-12140
-12138
-12132
-12126
-12124
-12122
-12118
-12116
-12110
-12106
-12100
-12098
-12096
-12090
-12084
-12080
-12076
-12072
-12070
-12068
-12062
-12058
-12056
-12054
-12048
-12046
-12044
-12042
-12040
-12034
-12028
-12026
-12016
-12014
-12012
-12010
-12008
-12006
-12004
-11998
-11994
-11990
-11988
-11986
-11980
-11972
-11968
-11964
-11958
-11952
-11948
-11940
-11934
-11930
-11928
-11922
-11920
-11918
-11912
-11910
-11906
-11892
-11890
-11888
-11886
-11884
-11872
-11868
-11862
-11850
-11840
-11836
-11834
-11828
-11826
-11824
-11822
-11818
-11816
-11812
-11808
-11804
-11800
-11792
-11790
-11786
-11784
-11782
-11776
-11772
-11768
-11766
-11764
-11762
-11758
-11756
-11754
-11750
-11748
-11744
-11742
-11740
-11738
-11736
-11734
-11732
-11726
-11724
-11720
-11714
-11712
-11710
-11702
-11700
-11698
-11696
-11692
-11682
-11678
-11676
-11674
-11668
-11666
-11658
-11656
-11654
-11646
-11644
-11642
-11640
-11634
-11632
-11630
-11628
-11624
-11620
-11612
-11610
-11608
-11604
-11602
-11596
-11594
-11582
-11580
-11570
-11556
-11552
-11550
-11548
-11546
-11542
-11540
-11536
-11532
-11528
-11526
-11524
-11522
-11520
-11516
-11514
-11512
-11510
-11508
-11496
-11494
-11492
-11486
-11484
-11482
-11480
-11478
-11468
-11464
-11460
-11458
-11450
-11442
-11436
-11434
-11432
-11430
-11426
-11422
-11410
-11404
-11400
-11394
-11390
-11388
-11386
-11382
-11380
-11378
-11374
-11370
-11362
-11360
-11354
-11348
-11346
-11342
-11340
-11338
-11336
-11334
-11330
-11328
-11326
-11322
-11318
-11316
-11312
-11310
-11300
-11298
-11292
-11290
-11288
-11286
-11280
-11278
-11274
-11268
-11266
-11264
-11262
-11256
-11252
-11250
-11244
-11242
-11240
-11238
-11234
-11230
-11222
-11216
-11208
-11206
-11204
-11202
-11200
-11198
-11186
-11184
-11182
-11180
-11178
-11176
-11174
-11170
-11162
-11160
-11158
-11156
-11148
-11142
-11138
-11132
-11130
-11126
-11122
-11120
-11116
-11112
-11108
-11106
-11104
-11098
-11092
-11080
-11074
-11066
-11062
-11060
-11056
-11054
-11050
-11044
-11042
-11040
-11038
-11032
-11030
-11028
-11018
-11016
-11014
-11010
-11004
-11000
-10988
-10986
-10982
-10980
-10976
-10972
-10968
-10958
-10946
-10944
-10942
-10940
-10938
-10936
-10924
-10922
-10912
-10908
-10904
-10902
-10900
-10892
-10888
-10886
-10876
-10874
-10870
-10868
-10866
-10864
-10860
-10858
-10856
-10854
-10852
-10848
-10846
-10836
-10834
-10832
-10830
-10828
-10826
-10824
-10822
-10820
-10818
-10816
-10814
-10812
-10808
-10802
-10800
-10796
-10790
-10776
-10774
-10772
-10770
-10762
-10758
-10754
-10750
-10746
-10744
-10740
-10738
-10736
-10734
-10724
-10718
-10716
-10708
-10706
-10694
-10692
-10688
-10686
-10684
-10682
-10680
-10678
-10672
-10668
-10666
-10664
-10656
-10652
-10648
-10644
-10642
-10640
-10636
-10634
-10624
-10622
-10620
-10618
-10616
-10612
-10608
-10600
-10594
-10590
-10582
-10578
-10576
-10570
-10568
-10564
-10558
-10556
-10552
-10550
-10546
-10544
-10534
-10528
-10520
-10518
-10516
-10514
-10510
-10508
-10500
-10496
-10494
-10492
-10486
-10482
-10480
-10476
-10474
-10464
-10448
-10442
-10440
-10438
-10436
-10432
-10430
-10428
-10426
-10424
-10422
-10418
-10414
-10408
-10404
-10402
-10398
-10396
-10390
-10384
-10380
-10378
-10376
-10370
-10362
-10360
-10358
-10356
-10354
-10350
-10348
-10342
-10336
-10332
-10330
-10324
-10322
-10318
-10316
-10308
-10306
-10302
-10298
-10296
-10292
-10290
-10284
-10282
-10278
-10276
-10274
-10266
-10262
-10258
-10254
-10250
-10232
-10226
-10224
-10222
-10220
-10218
-10210
-10208
-10204
-10202
-10198
-10194
-10192
-10190
-10178
-10174
-10172
-10168
-10166
-10164
-10160
-10154
-10152
-10148
-10146
-10144
-10140
-10138
-10134
-10130
-10128
-10126
-10122
-10120
-10118
-10112
-10110
-10108
-10104
-10102
-10100
-10098
-10094
-10092
-10090
-10088
-10084
-10082
-10080
-10076
-10074
-10068
-10062
-10060
-10058
-10056
-10054
-10052
-10048
-10046
-10042
-10040
-10038
-10034
-10032
-10030
-10026
-10018
-10016
-10014
-10012
-10010
-10006
-10004
-10002
-10000
-9996
-9994
-9982
-9980
-9978
-9976
-9972
-9970
-9966
-9964
-9962
-9956
-9950
-9944
-9936
-9934
-9930
-9926
-9924
-9920
-9918
-9916
-9914
-9910
-9908
-9902
-9890
-9886
-9878
-9874
-9872
-9870
-9868
-9864
-9862
-9852
-9848
-9844
-9836
-9830
-9824
-9822
-9820
-9818
-9812
-9804
-9800
-9798
-9796
-9794
-9790
-9788
-9776
-9770
-9766
-9758
-9750
-9746
-9744
-9740
-9734
-9730
-9722
-9718
-9714
-9708
-9706
-9704
-9698
-9692
-9690
-9688
-9682
-9680
-9678
-9674
-9672
-9666
-9662
-9660
-9652
-9650
-9648
-9646
-9642
-9640
-9638
-9634
-9632
-9630
-9628
-9626
-9624
-9614
-9612
-9600
-9598
-9596
-9592
-9588
-9582
-9580
-9578
-9576
-9572
-9568
-9564
-9562
-9560
-9540
-9536
-9532
-9530
-9528
-9520
-9516
-9512
-9510
-9508
-9506
-9502
-9500
-9498
-9496
-9488
-9486
-9484
-9478
-9474
-9462
-9458
-9456
-9452
-9448
-9446
-9444
-9436
-9434
-9430
-9426
-9424
-9422
-9420
-9416
-9412
-9408
-9398
-9396
-9392
-9390
-9384
-9378
-9372
-9370
-9368
-9364
-9356
-9354
-9350
-9346
-9342
-9338
-9336
-9334
-9326
-9324
-9322
-9320
-9316
-9314
-9312
-9306
-9304
-9282
-9280
-9276
-9274
-9270
-9266
-9264
-9262
-9260
-9252
-9236
-9232
-9228
-9224
-9222
-9218
-9214
-9210
-9206
-9204
-9202
-9198
-9194
-9192
-9190
-9184
-9182
-9178
-9176
-9166
-9164
-9162
-9156
-9154
-9152
-9146
-9142
-9140
-9138
-9134
-9132
-9126
-9122
-9120
-9118
-9116
-9114
-9112
-9110
-9108
-9106
-9104
-9102
-9100
-9090
-9088
-9084
-9082
-9078
-9064
-9060
-9058
-9056
-9054
-9048
-9046
-9044
-9042
-9034
-9030
-9028
-9024
-9020
-9016
-9014
-9006
-9004
-9002
-9000
-8990
-8982
-8980
-8974
-8970
-8966
-8964
-8962
-8960
-8954
-8952
-8944
-8942
-8936
-8930
-8926
-8924
-8922
-8918
-8912
-8910
-8906
-8902
-8898
-8896
-8894
-8888
-8886
-8884
-8874
-8872
-8870
-8868
-8866
-8864
-8860
-8854
-8852
-8850
-8848
-8846
-8842
-8840
-8838
-8834
-8830
-8828
-8824
-8822
-8818
-8814
-8810
-8806
-8804
-8800
-8798
-8794
-8792
-8788
-8784
-8782
-8774
-8772
-8770
-8766
-8764
-8762
-8760
-8758
-8754
-8748
-8746
-8744
-8730
-8728
-8722
-8720
-8714
-8710
-8708
-8704
-8702
-8700
-8698
-8690
-8686
-8682
-8680
-8674
-8672
-8670
-8668
-8666
-8662
-8660
-8656
-8654
-8652
-8650
-8646
-8644
-8640
-8634
-8620
-8616
-8614
-8612
-8606
-8604
-8598
-8596
-8594
-8592
-8590
-8582
-8580
-8574
-8568
-8560
-8548
-8542
-8536
-8534
-8532
-8526
-8524
-8522
-8520
-8518
-8512
-8508
-8502
-8490
-8486
-8484
-8482
-8480
-8476
-8472
-8470
-8464
-8460
-8458
-8454
-8446
-8438
-8432
-8422
-8410
-8406
-8400
-8398
-8392
-8390
-8388
-8386
-8382
-8380
-8374
-8372
-8370
-8368
-8366
-8362
-8356
-8348
-8344
-8342
-8340
-8334
-8332
-8330
-8324
-8322
-8320
-8318
-8314
-8312
-8310
-8308
-8304
-8302
-8298
-8294
-8292
-8290
-8286
-8276
-8274
-8268
-8266
-8264
-8262
-8258
-8254
-8252
-8246
-8244
-8242
-8236
-8232
-8230
-8226
-8224
-8222
-8210
-8206
-8192
-8190
-8186
-8184
-8182
-8176
-8174
-8166
-8164
-8152
-8148
-8144
-8142
-8140
-8138
-8134
-8130
-8126
-8122
-8116
-8114
-8112
-8104
-8100
-8094
-8092
-8084
-8080
-8076
-8074
-8070
-8064
-8054
-8050
-8044
-8042
-8040
-8038
-8034
-8032
-8022
-8020
-8018
-8016
-8008
-8006
-7998
-7994
-7992
-7986
-7982
-7978
-7968
-7966
-7958
-7956
-7944
-7942
-7934
-7920
-7918
-7916
-7914
-7912
-7908
-7904
-7896
-7890
-7886
-7880
-7878
-7872
-7870
-7868
-7864
-7862
-7858
-7856
-7852
-7846
-7842
-7830
-7828
-7822
-7816
-7814
-7808
-7806
-7804
-7800
-7796
-7790
-7788
-7782
-7778
-7774
-7764
-7762
-7760
-7756
-7754
-7748
-7744
-7740
-7736
-7734
-7722
-7720
-7718
-7710
-7702
-7698
-7696
-7680
-7678
-7676
-7668
-7662
-7660
-7658
-7656
-7650
-7648
-7646
-7642
-7638
-7632
-7630
-7628
-7622
-7618
-7616
-7614
-7612
-7608
-7604
-7602
-7600
-7598
-7590
-7588
-7586
-7578
-7570
-7566
-7560
-7558
-7554
-7542
-7540
-7536
-7534
-7532
-7530
-7528
-7526
-7524
-7522
-7516
-7514
-7510
-7508
-7496
-7492
-7488
-7486
-7476
-7474
-7470
-7464
-7458
-7454
-7452
-7446
-7444
-7440
-7432
-7428
-7426
-7424
-7420
-7416
-7414
-7412
-7404
-7402
-7394
-7382
-7378
-7376
-7372
-7368
-7364
-7362
-7358
-7354
-7352
-7334
-7332
-7328
-7326
-7324
-7322
-7318
-7316
-7310
-7308
-7294
-7292
-7290
-7288
-7284
-7282
-7280
-7278
-7276
-7274
-7272
-7270
-7264
-7258
-7248
-7244
-7242
-7240
-7232
-7222
-7220
-7204
-7200
-7196
-7192
-7182
-7178
-7176
-7172
-7166
-7160
-7158
-7156
-7150
-7146
-7138
-7136
-7134
-7130
-7128
-7126
-7120
-7106
-7100
-7096
-7094
-7092
-7090
-7088
-7084
-7080
-7076
-7066
-7064
-7058
-7052
-7050
-7044
-7042
-7036
-7034
-7020
-7016
-7008
-7006
-7004
-7002
-7000
-6998
-6996
-6994
-6990
-6988
-6984
-6980
-6976
-6972
-6966
-6948
-6942
-6938
-6934
-6932
-6930
-6928
-6922
-6920
-6918
-6916
-6914
-6912
-6910
-6908
-6886
-6880
-6878
-6876
-6874
-6868
-6864
-6862
-6860
-6856
-6854
-6852
-6848
-6844
-6842
-6840
-6838
-6836
-6826
-6822
-6816
-6814
-6812
-6808
-6804
-6798
-6794
-6792
-6784
-6782
-6778
-6776
-6770
-6768
-6766
-6762
-6756
-6752
-6750
-6748
-6746
-6742
-6736
-6732
-6728
-6724
-6722
-6720
-6718
-6708
-6706
-6704
-6698
-6696
-6690
-6688
-6686
-6684
-6682
-6680
-6676
-6674
-6672
-6670
-6668
-6666
-6664
-6662
-6658
-6656
-6652
-6644
-6642
-6640
-6638
-6636
-6634
-6632
-6628
-6626
-6622
-6618
-6602
-6598
-6596
-6590
-6586
-6582
-6570
-6564
-6562
-6554
-6552
-6548
-6546
-6544
-6538
-6536
-6534
-6526
-6522
-6510
-6508
-6506
-6504
-6502
-6490
-6486
-6484
-6482
-6478
-6474
-6472
-6468
-6464
-6456
-6454
-6452
-6450
-6438
-6434
-6432
-6430
-6428
-6426
-6422
-6418
-6416
-6414
-6412
-6410
-6404
-6402
-6400
-6392
-6386
-6378
-6376
-6370
-6366
-6362
-6360
-6352
-6348
-6346
-6344
-6342
-6340
-6338
-6336
-6328
-6324
-6322
-6320
-6316
-6308
-6306
-6298
-6296
-6294
-6282
-6280
-6278
-6276
-6270
-6268
-6262
-6260
-6256
-6248
-6246
-6240
-6238
-6232
-6230
-6218
-6216
-6214
-6212
-6210
-6206
-6202
-6196
-6188
-6186
-6182
-6170
-6164
-6162
-6158
-6154
-6152
-6150
-6148
-6146
-6144
-6140
-6136
-6134
-6124
-6122
-6120
-6116
-6114
-6106
-6104
-6100
-6096
-6088
-6086
-6084
-6076
-6066
-6064
-6060
-6054
-6052
-6048
-6042
-6040
-6038
-6030
-6028
-6022
-6020
-6012
-6010
-6008
-6004
-6002
-5998
-5996
-5994
-5990
-5984
-5980
-5978
-5974
-5966
-5964
-5960
-5954
-5948
-5944
-5938
-5934
-5932
-5930
-5926
-5920
-5918
-5916
-5914
-5906
-5900
-5898
-5896
-5894
-5886
-5884
-5880
-5878
-5876
-5872
-5870
-5868
-5866
-5864
-5862
-5848
-5832
-5826
-5818
-5816
-5814
-5808
-5806
-5804
-5802
-5796
-5792
-5790
-5780
-5774
-5760
-5756
-5754
-5752
-5748
-5746
-5744
-5742
-5740
-5736
-5732
-5728
-5726
-5718
-5714
-5712
-5710
-5702
-5700
-5698
-5696
-5690
-5688
-5686
-5684
-5680
-5678
-5672
-5666
-5660
-5658
-5656
-5654
-5652
-5650
-5644
-5640
-5632
-5626
-5622
-5620
-5618
-5616
-5608
-5606
-5604
-5602
-5600
-5598
-5594
-5592
-5586
-5582
-5578
-5576
-5572
-5570
-5564
-5556
-5548
-5546
-5544
-5540
-5534
-5532
-5526
-5520
-5516
-5514
-5506
-5500
-5494
-5492
-5490
-5488
-5486
-5484
-5480
-5476
-5472
-5470
-5468
-5462
-5460
-5456
-5448
-5444
-5442
-5438
-5434
-5432
-5430
-5428
-5424
-5416
-5412
-5404
-5400
-5394
-5388
-5386
-5384
-5380
-5378
-5376
-5374
-5372
-5368
-5360
-5358
-5356
-5354
-5346
-5342
-5340
-5338
-5336
-5334
-5332
-5330
-5324
-5322
-5314
-5310
-5304
-5302
-5296
-5294
-5290
-5288
-5284
-5276
-5274
-5268
-5266
-5264
-5254
-5252
-5250
-5248
-5246
-5244
-5238
-5228
-5226
-5220
-5218
-5216
-5214
-5210
-5208
-5206
-5204
-5196
-5192
-5184
-5182
-5180
-5178
-5176
-5174
-5168
-5166
-5162
-5160
-5152
-5150
-5142
-5140
-5138
-5136
-5134
-5132
-5128
-5124
-5122
-5118
-5116
-5114
-5106
-5100
-5096
-5094
-5092
-5090
-5082
-5080
-5078
-5074
-5070
-5068
-5066
-5064
-5058
-5056
-5044
-5042
-5038
-5036
-5028
-5026
-5024
-5022
-5018
-5012
-5010
-5008
-5004
-5000
-4998
-4994
-4992
-4984
-4982
-4980
-4972
-4968
-4966
-4962
-4960
-4958
-4942
-4936
-4934
-4932
-4930
-4928
-4926
-4922
-4920
-4910
-4908
-4906
-4904
-4902
-4900
-4890
-4886
-4882
-4880
-4878
-4876
-4868
-4860
-4856
-4852
-4842
-4838
-4828
-4826
-4822
-4820
-4818
-4814
-4812
-4806
-4802
-4798
-4796
-4792
-4786
-4784
-4782
-4774
-4772
-4770
-4764
-4758
-4756
-4754
-4746
-4742
-4740
-4738
-4734
-4728
-4724
-4722
-4720
-4718
-4716
-4710
-4706
-4702
-4700
-4698
-4694
-4690
-4684
-4682
-4680
-4678
-4674
-4672
-4668
-4660
-4654
-4650
-4644
-4640
-4634
-4632
-4630
-4628
-4626
-4624
-4622
-4616
-4612
-4602
-4600
-4598
-4594
-4590
-4588
-4586
-4582
-4580
-4576
-4574
-4572
-4570
-4568
-4566
-4564
-4562
-4558
-4556
-4554
-4548
-4546
-4544
-4542
-4538
-4528
-4526
-4518
-4514
-4506
-4502
-4500
-4498
-4496
-4494
-4488
-4486
-4482
-4478
-4476
-4474
-4468
-4466
-4462
-4458
-4454
-4452
-4450
-4446
-4444
-4436
-4430
-4428
-4422
-4406
-4402
-4392
-4384
-4380
-4374
-4372
-4370
-4368
-4366
-4360
-4358
-4356
-4350
-4342
-4340
-4336
-4332
-4328
-4326
-4322
-4312
-4310
-4308
-4306
-4304
-4302
-4300
-4296
-4294
-4290
-4286
-4284
-4276
-4268
-4264
-4260
-4252
-4248
-4246
-4244
-4240
-4238
-4236
-4234
-4232
-4230
-4228
-4224
-4212
-4206
-4202
-4200
-4194
-4192
-4188
-4180
-4178
-4176
-4172
-4170
-4168
-4164
-4160
-4158
-4156
-4148
-4144
-4138
-4134
-4130
-4124
-4122
-4120
-4102
-4094
-4092
-4090
-4076
-4074
-4072
-4070
-4068
-4064
-4060
-4058
-4056
-4050
-4048
-4040
-4036
-4028
-4026
-4022
-4020
-4012
-4010
-4004
-4000
-3998
-3986
-3978
-3976
-3974
-3970
-3962
-3956
-3950
-3944
-3940
-3936
-3932
-3930
-3928
-3926
-3916
-3914
-3904
-3902
-3894
-3892
-3888
-3882
-3878
-3874
-3872
-3870
-3868
-3862
-3860
-3856
-3840
-3838
-3836
-3832
-3830
-3828
-3826
-3818
-3816
-3812
-3810
-3802
-3798
-3796
-3792
-3788
-3786
-3770
-3768
-3766
-3764
-3762
-3752
-3750
-3748
-3746
-3740
-3736
-3734
-3732
-3726
-3722
-3718
-3716
-3706
-3704
-3692
-3688
-3684
-3682
-3680
-3678
-3676
-3670
-3666
-3660
-3658
-3654
-3650
-3648
-3646
-3642
-3640
-3638
-3636
-3626
-3622
-3618
-3616
-3614
-3612
-3608
-3606
-3604
-3602
-3594
-3586
-3580
-3578
-3576
-3572
-3570
-3562
-3558
-3554
-3552
-3548
-3544
-3542
-3540
-3536
-3534
-3528
-3522
-3518
-3514
-3512
-3510
-3500
-3498
-3494
-3484
-3482
-3478
-3474
-3472
-3470
-3460
-3458
-3452
-3448
-3446
-3436
-3430
-3422
-3420
-3418
-3416
-3414
-3412
-3408
-3402
-3396
-3394
-3390
-3384
-3378
-3372
-3370
-3364
-3358
-3354
-3352
-3348
-3346
-3336
-3326
-3324
-3322
-3320
-3316
-3314
-3312
-3310
-3308
-3306
-3304
-3302
-3298
-3296
-3294
-3292
-3290
-3288
-3286
-3282
-3278
-3276
-3264
-3260
-3258
-3256
-3250
-3244
-3240
-3236
-3234
-3232
-3230
-3228
-3226
-3214
-3210
-3208
-3206
-3204
-3200
-3198
-3196
-3194
-3190
-3188
-3184
-3178
-3176
-3174
-3170
-3158
-3154
-3150
-3148
-3146
-3140
-3126
-3120
-3118
-3116
-3110
-3108
-3106
-3102
-3100
-3098
-3094
-3082
-3078
-3076
-3072
-3068
-3066
-3064
-3058
-3056
-3054
-3046
-3044
-3042
-3034
-3030
-3028
-3024
-3020
-3016
-3008
-3000
-2998
-2996
-2994
-2992
-2990
-2980
-2978
-2976
-2974
-2972
-2968
-2962
-2956
-2954
-2952
-2950
-2948
-2944
-2940
-2938
-2934
-2930
-2928
-2926
-2924
-2908
-2906
-2902
-2898
-2896
-2892
-2888
-2884
-2874
-2872
-2870
-2866
-2862
-2860
-2852
-2850
-2848
-2844
-2842
-2840
-2834
-2832
-2830
-2822
-2816
-2812
-2810
-2806
-2804
-2802
-2794
-2788
-2786
-2784
-2782
-2780
-2778
-2776
-2774
-2768
-2758
-2756
-2750
-2744
-2736
-2734
-2732
-2730
-2728
-2726
-2724
-2718
-2716
-2712
-2708
-2706
-2700
-2698
-2696
-2694
-2692
-2690
-2688
-2686
-2678
-2676
-2670
-2668
-2658
-2656
-2654
-2652
-2648
-2642
-2636
-2634
-2628
-2626
-2624
-2622
-2618
-2616
-2614
-2612
-2608
-2606
-2602
-2600
-2596
-2594
-2590
-2588
-2586
-2584
-2578
-2576
-2566
-2564
-2560
-2554
-2548
-2544
-2530
-2522
-2516
-2512
-2510
-2508
-2506
-2504
-2502
-2500
-2496
-2494
-2490
-2488
-2486
-2480
-2476
-2472
-2470
-2464
-2460
-2454
-2452
-2444
-2442
-2440
-2434
-2432
-2428
-2426
-2416
-2414
-2412
-2408
-2406
-2402
-2396
-2394
-2392
-2388
-2384
-2382
-2380
-2376
-2370
-2368
-2366
-2364
-2358
-2354
-2340
-2338
-2324
-2318
-2310
-2308
-2306
-2304
-2300
-2298
-2296
-2292
-2290
-2288
-2284
-2282
-2278
-2276
-2274
-2270
-2268
-2266
-2264
-2254
-2244
-2240
-2236
-2234
-2226
-2224
-2222
-2220
-2216
-2214
-2212
-2210
-2206
-2204
-2202
-2200
-2198
-2194
-2186
-2184
-2182
-2178
-2176
-2174
-2172
-2162
-2158
-2156
-2138
-2136
-2134
-2130
-2128
-2118
-2116
-2114
-2106
-2102
-2100
-2098
-2094
-2092
-2090
-2086
-2084
-2082
-2080
-2066
-2062
-2052
-2048
-2040
-2038
-2036
-2030
-2028
-2024
-2022
-2020
-2016
-2014
-2012
-2004
-1998
-1994
-1988
-1984
-1982
-1980
-1978
-1976
-1972
-1968
-1966
-1960
-1952
-1950
-1938
-1934
-1928
-1926
-1920
-1918
-1914
-1912
-1908
-1906
-1896
-1892
-1882
-1878
-1876
-1874
-1866
-1864
-1862
-1860
-1858
-1856
-1854
-1852
-1848
-1840
-1834
-1830
-1826
-1822
-1812
-1810
-1802
-1800
-1796
-1794
-1792
-1788
-1786
-1784
-1780
-1778
-1776
-1774
-1770
-1768
-1766
-1760
-1758
-1752
-1742
-1728
-1726
-1722
-1718
-1714
-1710
-1704
-1702
-1700
-1696
-1694
-1692
-1684
-1680
-1676
-1664
-1658
-1654
-1652
-1648
-1646
-1644
-1640
-1638
-1634
-1626
-1624
-1620
-1612
-1610
-1606
-1604
-1602
-1600
-1598
-1594
-1582
-1578
-1572
-1566
-1564
-1558
-1554
-1552
-1548
-1544
-1542
-1536
-1534
-1530
-1524
-1522
-1518
-1516
-1514
-1510
-1508
-1506
-1498
-1494
-1492
-1488
-1486
-1480
-1478
-1476
-1474
-1472
-1462
-1456
-1454
-1450
-1448
-1446
-1444
-1438
-1436
-1426
-1424
-1422
-1416
-1414
-1408
-1404
-1400
-1398
-1394
-1384
-1382
-1380
-1372
-1370
-1366
-1364
-1362
-1360
-1354
-1346
-1342
-1340
-1336
-1330
-1324
-1322
-1318
-1316
-1314
-1312
-1310
-1308
-1302
-1300
-1296
-1292
-1288
-1286
-1284
-1282
-1280
-1272
-1270
-1266
-1260
-1256
-1254
-1252
-1248
-1242
-1240
-1238
-1236
-1234
-1230
-1226
-1224
-1222
-1220
-1218
-1216
-1200
-1196
-1188
-1184
-1180
-1178
-1176
-1172
-1170
-1168
-1164
-1162
-1160
-1158
-1156
-1146
-1142
-1138
-1132
-1128
-1126
-1124
-1122
-1116
-1112
-1110
-1108
-1102
-1096
-1094
-1090
-1086
-1084
-1082
-1080
-1076
-1068
-1064
-1062
-1058
-1048
-1046
-1040
-1038
-1036
-1034
-1022
-1014
-1012
-1010
-1008
-1004
-1000
-994
-990
-988
-986
-984
-978
-976
-974
-968
-966
-964
-962
-960
-956
-954
-952
-950
-946
-938
-934
-932
-928
-926
-924
-920
-918
-916
-908
-906
-902
-900
-898
-896
-894
-886
-878
-866
-862
-860
-858
-854
-848
-846
-842
-830
-828
-824
-818
-812
-810
-806
-800
-798
-796
-794
-792
-790
-788
-786
-782
-780
-778
-776
-772
-770
-768
-766
-760
-758
-756
-754
-752
-750
-746
-740
-738
-734
-728
-726
-724
-722
-720
-716
-714
-712
-706
-704
-700
-698
-694
-692
-690
-688
-686
-684
-682
-680
-676
-674
-668
-666
-654
-652
-650
-648
-646
-642
-638
-636
-634
-632
-624
-622
-616
-610
-600
-598
-594
-592
-590
-586
-584
-578
-576
-574
-564
-558
-552
-548
-532
-530
-522
-514
-512
-508
-506
-492
-486
-474
-472
-470
-464
-450
-448
-442
-440
-438
-432
-428
-426
-424
-420
-418
-416
-412
-410
-408
-406
-400
-394
-390
-386
-382
-378
-374
-368
-364
-362
-358
-356
-354
-352
-350
-348
-344
-340
-336
-332
-330
-328
-322
-320
-312
-302
-298
-294
-290
-284
-272
-266
-264
-262
-260
-248
-246
-236
-234
-230
-228
-224
-222
-220
-218
-214
-210
-206
-202
-200
-198
-196
-192
-188
-186
-184
-182
-174
-164
-162
-158
-156
-154
-152
-150
-142
-138
-134
-130
-128
-126
-124
-122
-120
-118
-114
-110
-108
-106
-104
-96
-92
-90
-88
-86
-82
-80
-74
-56
-52
-50
-48
-46
-44
-40
-32
-22
-20
-18
-12
-6
2
8
10
18
22
30
38
48
50
52
54
62
68
70
82
84
86
90
94
100
104
110
114
118
122
128
132
136
138
142
148
156
162
164
168
170
172
174
176
180
186
188
190
192
194
200
210
212
214
216
218
222
228
234
236
238
240
246
250
258
262
268
272
278
286
288
290
294
302
306
310
312
316
320
322
324
326
328
338
340
344
352
356
360
364
374
376
378
382
386
390
394
396
398
400
402
408
410
412
414
418
428
432
438
440
442
444
454
456
458
462
466
478
482
486
488
490
492
494
496
498
504
508
518
520
524
526
534
538
542
544
546
550
556
558
576
578
582
584
590
592
594
596
602
604
608
618
624
628
630
634
638
640
642
652
658
662
668
670
672
674
676
678
686
688
692
694
696
698
702
704
710
714
718
722
724
728
736
738
740
742
744
748
750
754
756
760
764
766
768
770
772
774
780
784
786
794
798
800
802
804
806
814
820
824
826
832
836
838
840
844
846
852
854
856
860
866
868
872
874
876
878
880
884
890
892
900
904
916
920
922
924
928
934
936
938
944
952
954
956
962
964
966
970
972
974
978
980
982
984
986
988
990
994
998
1002
1004
1006
1008
1014
1016
1018
1022
1024
1028
1030
1032
1034
1036
1042
1048
1050
1054
1064
1068
1072
1076
1078
1080
1086
1096
1100
1104
1106
1110
1114
1116
1120
1122
1124
1126
1128
1132
1142
1146
1156
1160
1164
1176
1180
1184
1188
1192
1194
1196
1198
1204
1206
1210
1212
1218
1220
1222
1224
1230
1232
1234
1238
1248
1252
1258
1262
1264
1268
1270
1272
1274
1276
1278
1282
1286
1292
1294
1296
1298
1302
1304
1308
1310
1326
1330
1334
1336
1340
1342
1348
1350
1352
1356
1358
1360
1362
1364
1380
1392
1394
1398
1400
1404
1406
1408
1410
1412
1422
1424
1428
1430
1434
1436
1440
1442
1446
1448
1450
1452
1454
1456
1458
1462
1470
1482
1486
1488
1490
1496
1502
1506
1526
1528
1530
1532
1536
1546
1550
1552
1556
1560
1562
1564
1572
1576
1578
1586
1588
1590
1594
1596
1598
1602
1604
1606
1608
1610
1612
1614
1618
1626
1632
1640
1646
1650
1652
1662
1664
1666
1668
1670
1676
1678
1682
1684
1692
1694
1696
1706
1710
1716
1722
1726
1728
1732
1736
1738
1740
1744
1748
1750
1754
1758
1764
1770
1772
1774
1776
1778
1780
1782
1784
1786
1798
1806
1808
1812
1814
1816
1828
1836
1842
1846
1850
1860
1864
1872
1878
1880
1884
1890
1896
1900
1904
1906
1912
1918
1920
1924
1928
1934
1936
1938
1948
1956
1958
1962
1968
1970
1974
1976
1984
1990
1992
1994
2012
2014
2016
2024
2026
2034
2036
2038
2040
2042
2044
2046
2052
2054
2060
2062
2064
2066
2072
2074
2078
2080
2082
2084
2086
2092
2094
2096
2100
2106
2108
2116
2118
2120
2146
2156
2162
2168
2170
2174
2178
2182
2186
2188
2192
2196
2198
2200
2204
2206
2210
2214
2216
2220
2222
2230
2236
2240
2244
2246
2256
2258
2262
2264
2266
2270
2272
2278
2280
2284
2286
2288
2290
2292
2300
2304
2310
2312
2314
2318
2320
2326
2332
2334
2338
2340
2342
2344
2350
2352
2356
2358
2366
2368
2372
2374
2378
2382
2392
2394
2396
2398
2400
2402
2404
2406
2408
2410
2414
2416
2418
2420
2430
2434
2438
2440
2442
2444
2446
2448
2452
2454
2458
2460
2462
2466
2470
2472
2476
2478
2480
2482
2490
2498
2502
2504
2516
2518
2520
2524
2526
2528
2534
2538
2544
2546
2550
2552
2558
2566
2572
2582
2584
2592
2594
2598
2602
2610
2614
2616
2618
2620
2626
2636
2640
2642
2648
2650
2656
2662
2666
2668
2670
2672
2678
2680
2684
2686
2688
2694
2696
2698
2704
2708
2710
2712
2714
2716
2718
2720
2726
2730
2732
2734
2740
2750
2752
2754
2764
2768
2774
2776
2786
2792
2794
2796
2800
2802
2812
2816
2826
2828
2834
2836
2838
2842
2864
2866
2868
2872
2876
2878
2884
2886
2890
2892
2896
2898
2902
2912
2916
2918
2926
2934
2938
2940
2946
2958
2964
2966
2970
2974
2980
2986
2988
2992
2994
2996
2998
3000
3004
3006
3010
3012
3014
3018
3022
3024
3026
3030
3032
3044
3046
3048
3050
3052
3054
3060
3068
3078
3088
3094
3096
3098
3102
3106
3108
3110
3112
3118
3120
3122
3124
3126
3128
3132
3134
3138
3140
3144
3146
3152
3154
3158
3160
3164
3166
3168
3170
3172
3174
3178
3200
3208
3214
3216
3222
3224
3234
3236
3240
3242
3248
3258
3264
3270
3274
3278
3284
3292
3296
3298
3300
3304
3310
3316
3318
3326
3328
3330
3332
3334
3346
3348
3358
3360
3364
3370
3372
3374
3378
3384
3390
3392
3398
3400
3402
3412
3416
3420
3422
3430
3438
3440
3444
3446
3448
3450
3454
3456
3464
3468
3470
3476
3478
3480
3482
3484
3486
3492
3498
3502
3504
3512
3514
3518
3520
3522
3524
3526
3528
3530
3534
3538
3542
3544
3546
3548
3552
3558
3562
3570
3572
3576
3578
3580
3582
3586
3588
3596
3602
3606
3610
3614
3618
3620
3622
3628
3630
3632
3636
3644
3646
3652
3654
3656
3658
3660
3666
3670
3672
3678
3684
3686
3692
3694
3698
3702
3706
3710
3714
3720
3726
3730
3732
3738
3742
3746
3750
3754
3756
3762
3764
3770
3774
3778
3784
3786
3790
3794
3798
3800
3804
3810
3816
3818
3820
3824
3830
3832
3834
3844
3846
3848
3854
3858
3862
3868
3872
3876
3880
3884
3890
3892
3894
3900
3906
3910
3912
3914
3920
3922
3926
3928
3942
3950
3956
3960
3962
3966
3968
3970
3974
3982
3984
3986
3990
3994
3996
3998
4004
4008
4012
4018
4034
4038
4054
4056
4058
4062
4064
4066
4068
4070
4072
4076
4078
4080
4082
4084
4086
4088
4092
4094
4098
4100
4102
4118
4120
4126
4128
4132
4134
4136
4140
4142
4144
4148
4152
4156
4158
4160
4162
4166
4168
4172
4176
4178
4180
4182
4184
4186
4192
4196
4198
4202
4204
4206
4210
4212
4214
4228
4230
4232
4238
4242
4250
4254
4256
4260
4266
4270
4274
4278
4280
4284
4286
4296
4306
4310
4314
4318
4328
4332
4342
4346
4350
4354
4358
4362
4364
4368
4370
4372
4376
4378
4382
4386
4388
4392
4394
4398
4406
4408
4410
4422
4424
4428
4440
4442
4444
4446
4448
4450
4452
4460
4466
4468
4476
4478
4488
4492
4494
4496
4498
4508
4510
4512
4514
4516
4520
4524
4526
4528
4530
4536
4540
4546
4550
4552
4554
4558
4560
4566
4568
4570
4574
4578
4582
4586
4590
4592
4600
4606
4612
4614
4620
4622
4626
4628
4630
4632
4650
4652
4656
4662
4670
4672
4676
4684
4686
4688
4690
4694
4700
4704
4706
4710
4714
4720
4722
4724
4734
4738
4748
4750
4754
4760
4762
4766
4772
4776
4778
4786
4788
4790
4796
4798
4800
4802
4804
4806
4812
4814
4816
4818
4826
4830
4832
4842
4852
4854
4856
4858
4860
4866
4874
4878
4886
4888
4896
4902
4910
4916
4918
4920
4922
4926
4932
4936
4938
4940
4942
4944
4946
4948
4950
4954
4960
4962
4964
4966
4972
4978
4980
4982
4986
4988
4994
4996
5000
5002
5004
5006
5010
5012
5014
5020
5022
5024
5028
5030
5032
5034
5038
5052
5054
5058
5060
5062
5068
5070
5072
5074
5082
5086
5088
5092
5094
5100
5104
5110
5112
5120
5128
5130
5132
5138
5144
5146
5150
5154
5156
5158
5160
5164
5166
5168
5172
5176
5178
5182
5184
5186
5188
5190
5194
5198
5212
5216
5218
5220
5222
5224
5230
5236
5240
5242
5244
5248
5250
5254
5256
5260
5264
5266
5270
5274
5276
5278
5284
5286
5288
5290
5294
5296
5300
5302
5308
5312
5314
5316
5318
5322
5324
5326
5328
5330
5332
5334
5336
5340
5346
5356
5360
5362
5368
5380
5382
5386
5396
5398
5400
5402
5404
5406
5408
5410
5414
5422
5426
5430
5432
5436
5442
5448
5450
5452
5456
5462
5464
5472
5474
5480
5488
5490
5492
5494
5496
5498
5500
5502
5506
5508
5516
5518
5522
5528
5530
5536
5538
5542
5546
5550
5552
5554
5556
5560
5564
5570
5578
5580
5582
5586
5588
5592
5594
5598
5600
5602
5604
5618
5620
5628
5630
5632
5634
5640
5648
5656
5660
5666
5672
5674
5676
5678
5682
5686
5692
5694
5700
5702
5704
5708
5712
5718
5726
5728
5730
5732
5734
5742
5744
5748
5754
5756
5760
5762
5766
5772
5778
5782
5790
5792
5796
5798
5806
5810
5818
5820
5822
5834
5842
5854
5856
5864
5866
5868
5870
5874
5880
5886
5888
5894
5898
5900
5908
5914
5924
5926
5928
5930
5934
5938
5940
5946
5948
5954
5956
5962
5970
5976
5978
5980
5982
5984
5986
5988
5992
6002
6014
6018
6024
6030
6032
6034
6040
6042
6046
6050
6054
6056
6062
6070
6074
6086
6088
6092
6096
6100
6108
6116
6118
6120
6122
6126
6128
6130
6132
6134
6136
6140
6144
6150
6152
6154
6158
6164
6168
6174
6176
6180
6182
6184
6186
6188
6190
6194
6200
6204
6206
6210
6212
6216
6220
6228
6232
6240
6242
6244
6262
6264
6268
6280
6284
6286
6288
6294
6296
6300
6304
6308
6316
6320
6322
6324
6328
6330
6336
6342
6348
6352
6356
6358
6360
6362
6378
6380
6384
6388
6396
6400
6402
6410
6412
6416
6420
6424
6430
6432
6438
6442
6448
6450
6456
6460
6466
6468
6470
6472
6474
6476
6482
6490
6492
6494
6496
6498
6506
6514
6524
6530
6532
6540
6542
6546
6548
6550
6552
6556
6562
6564
6574
6576
6578
6582
6584
6586
6590
6592
6594
6596
6598
6600
6602
6604
6608
6612
6622
6624
6626
6628
6630
6636
6652
6660
6664
6668
6674
6676
6678
6684
6692
6694
6696
6700
6702
6710
6712
6714
6718
6720
6736
6738
6740
6742
6744
6748
6750
6758
6764
6766
6770
6774
6776
6778
6780
6782
6784
6786
6788
6790
6792
6794
6800
6806
6810
6812
6814
6816
6820
6824
6826
6828
6834
6836
6838
6840
6846
6848
6854
6858
6860
6868
6872
6884
6886
6888
6890
6894
6896
6904
6916
6920
6924
6930
6932
6934
6940
6944
6948
6950
6954
6956
6960
6962
6966
6968
6972
6976
6978
6986
6990
6992
6996
7000
7010
7018
7020
7024
7026
7030
7032
7034
7040
7044
7046
7052
7058
7060
7070
7074
7076
7078
7086
7088
7096
7098
7104
7112
7116
7120
7124
7132
7134
7136
7140
7142
7144
7146
7152
7154
7156
7158
7162
7164
7168
7170
7172
7176
7196
7198
7200
7202
7204
7206
7208
7210
7214
7216
7220
7222
7224
7228
7234
7236
7240
7246
7250
7252
7258
7260
7262
7270
7276
7286
7288
7294
7296
7298
7304
7308
7310
7314
7322
7324
7328
7330
7332
7334
7338
7344
7348
7350
7352
7356
7362
7366
7368
7370
7376
7378
7384
7386
7388
7396
7400
7402
7404
7408
7410
7418
7422
7430
7438
7442
7446
7448
7450
7454
7456
7462
7466
7468
7470
7474
7480
7482
7484
7492
7496
7498
7500
7508
7518
7520
7522
7524
7526
7528
7532
7534
7538
7544
7546
7548
7554
7556
7558
7560
7562
7564
7566
7568
7574
7578
7580
7582
7592
7596
7598
7602
7604
7606
7608
7610
7612
7618
7626
7628
7630
7634
7638
7640
7642
7644
7650
7654
7658
7662
7666
7672
7676
7682
7684
7686
7688
7692
7694
7698
7708
7722
7726
7730
7746
7748
7752
7754
7756
7762
7764
7766
7768
7772
7774
7782
7786
7788
7790
7798
7800
7802
7804
7806
7808
7812
7816
7818
7820
7822
7828
7832
7834
7836
7838
7840
7842
7846
7848
7852
7854
7862
7866
7868
7872
7886
7892
7900
7906
7912
7916
7918
7924
7926
7928
7936
7944
7946
7948
7950
7954
7958
7962
7964
7966
7968
7972
7982
7986
7990
7994
7996
8008
8014
8018
8020
8022
8024
8026
8030
8034
8038
8048
8052
8054
8060
8062
8066
8068
8072
8076
8078
8080
8084
8086
8088
8090
8096
8102
8106
8108
8114
8116
8118
8122
8124
8130
8136
8140
8152
8162
8168
8170
8174
8176
8178
8180
8192
8194
8196
8202
8206
8208
8212
8214
8222
8230
8240
8242
8244
8246
8250
8252
8256
8260
8262
8264
8266
8268
8272
8278
8282
8284
8298
8300
8302
8308
8310
8312
8316
8318
8320
8326
8328
8332
8334
8342
8344
8348
8350
8352
8356
8358
8364
8370
8372
8374
8378
8380
8382
8394
8396
8400
8402
8404
8406
8408
8414
8416
8420
8422
8424
8426
8428
8430
8432
8434
8436
8438
8448
8458
8460
8462
8464
8466
8468
8470
8474
8476
8478
8482
8488
8490
8492
8494
8496
8498
8510
8512
8518
8520
8524
8526
8530
8534
8538
8542
8548
8550
8554
8556
8562
8568
8570
8572
8574
8580
8582
8586
8590
8592
8594
8600
8606
8612
8614
8620
8622
8626
8628
8634
8636
8638
8640
8650
8652
8654
8662
8664
8680
8682
8684
8686
8694
8696
8706
8712
8714
8718
8726
8728
8730
8736
8738
8740
8746
8750
8752
8754
8764
8772
8774
8776
8778
8782
8784
8786
8788
8802
8808
8810
8814
8818
8820
8822
8824
8828
8840
8842
8848
8860
8864
8866
8872
8874
8882
8884
8886
8890
8892
8894
8896
8898
8900
8902
8906
8908
8910
8916
8920
8928
8932
8934
8942
8946
8950
8954
8956
8964
8966
8970
8974
8978
8980
8986
8988
8994
9000
9002
9006
9008
9010
9012
9020
9028
9030
9032
9036
9038
9040
9042
9050
9058
9062
9066
9070
9074
9076
9078
9080
9082
9084
9086
9090
9092
9094
9098
9100
9102
9104
9106
9108
9110
9116
9122
9128
9140
9142
9144
9146
9148
9152
9156
9158
9160
9164
9166
9170
9172
9180
9182
9196
9200
9206
9212
9214
9220
9222
9230
9232
9234
9238
9240
9242
9244
9248
9252
9254
9258
9260
9266
9268
9272
9278
9282
9288
9294
9298
9302
9308
9310
9316
9320
9326
9328
9334
9336
9342
9344
9350
9356
9358
9362
9364
9366
9370
9374
9378
9380
9390
9392
9394
9396
9398
9400
9404
9410
9412
9418
9420
9424
9434
9438
9440
9442
9450
9454
9460
9468
9470
9472
9476
9478
9480
9482
9492
9494
9498
9500
9506
9508
9510
9516
9518
9522
9526
9528
9530
9534
9536
9538
9542
9544
9546
9550
9552
9554
9558
9560
9566
9568
9570
9572
9574
9578
9582
9590
9592
9594
9598
9604
9612
9614
9618
9620
9622
9636
9640
9642
9646
9652
9654
9658
9662
9668
9674
9682
9684
9686
9692
9696
9698
9700
9702
9706
9712
9718
9720
9722
9730
9732
9744
9746
9752
9756
9760
9762
9764
9768
9778
9780
9782
9792
9804
9806
9812
9822
9826
9836
9844
9846
9852
9860
9876
9878
9882
9884
9888
9890
9892
9894
9896
9900
9920
9922
9926
9928
9934
9940
9942
9944
9948
9950
9952
9954
9956
9958
9960
9962
9966
9968
9970
9974
9982
9986
9988
9990
9996
9998
10002
10010
10014
10016
10020
10022
10030
10032
10042
10044
10056
10058
10066
10068
10076
10078
10080
10082
10086
10088
10092
10094
10096
10110
10112
10114
10116
10120
10122
10126
10128
10130
10132
10144
10152
10162
10164
10166
10168
10170
10172
10176
10180
10184
10188
10206
10212
10216
10220
10222
10224
10238
10240
10244
10254
10256
10258
10260
10262
10264
10268
10270
10274
10276
10280
10282
10284
10290
10294
10296
10300
10302
10306
10312
10314
10316
10318
10320
10322
10324
10334
10336
10338
10344
10346
10352
10354
10356
10362
10364
10366
10370
10376
10378
10386
10388
10390
10396
10402
10404
10406
10410
10414
10418
10426
10432
10434
10444
10446
10452
10454
10456
10464
10468
10470
10474
10476
10478
10480
10482
10486
10490
10494
10496
10504
10506
10512
10514
10520
10524
10526
10528
10530
10532
10536
10542
10546
10550
10552
10554
10556
10558
10566
10574
10576
10584
10590
10592
10594
10600
10602
10614
10618
10624
10628
10632
10634
10636
10640
10646
10648
10654
10658
10660
10664
10672
10674
10676
10678
10682
10684
10686
10694
10696
10698
10702
10704
10706
10714
10718
10722
10724
10728
10732
10738
10740
10746
10748
10758
10760
10764
10770
10774
10776
10780
10782
10784
10788
10790
10792
10798
10800
10802
10804
10810
10812
10814
10816
10820
10822
10830
10832
10838
10840
10842
10848
10854
10856
10858
10862
10864
10866
10868
10872
10876
10882
10884
10886
10904
10908
10918
10920
10926
10928
10934
10938
10948
10950
10956
10964
10968
10970
10972
10976
10978
10980
10982
10986
10998
11000
11006
11016
11020
11026
11034
11040
11044
11050
11056
11058
11060
11064
11068
11070
11072
11074
11080
11082
11084
11088
11090
11092
11098
11100
11106
11114
11118
11124
11132
11136
11142
11144
11146
11148
11150
11154
11156
11158
11172
11178
11182
11184
11190
11196
11198
11206
11208
11214
11216
11220
11224
11226
11228
11230
11232
11248
11254
11260
11264
11268
11270
11274
11276
11282
11286
11290
11298
11300
11302
11306
11312
11314
11316
11318
11320
11326
11330
11332
11338
11346
11348
11352
11356
11358
11360
11362
11364
11368
11370
11374
11382
11392
11402
11404
11406
11408
11412
11414
11418
11420
11424
11426
11432
11434
11436
11438
11440
11442
11444
11448
11450
11464
11466
11470
11480
11484
11490
11492
11496
11500
11508
11514
11518
11520
11522
11528
11536
11542
11548
11558
11560
11564
11566
11570
11572
11576
11580
11582
11592
11600
11604
11606
11610
11616
11620
11636
11642
11646
11648
11662
11664
11666
11668
11670
11676
11682
11684
11688
11690
11692
11694
11696
11700
11702
11704
11706
11710
11716
11720
11722
11726
11728
11730
11732
11736
11738
11740
11746
11748
11754
11756
11758
11762
11764
11766
11768
11770
11774
11776
11778
11782
11786
11788
11790
11792
11798
11804
11814
11820
11828
11836
11840
11846
11848
11850
11852
11854
11856
11864
11870
11874
11876
11878
11880
11884
11886
11890
11896
11898
11914
11918
11920
11922
11932
11936
11938
11942
11950
11952
11958
11962
11966
11978
11980
11984
11986
11988
11990
11992
11994
11996
11998
12022
12024
12026
12028
12030
12034
12040
12046
12048
12054
12056
12060
12062
12064
12074
12078
12082
12086
12088
12090
12092
12104
12106
12118
12120
12122
12132
12140
12144
12146
12150
12154
12158
12160
12162
12166
12170
12176
12180
12194
12196
12200
12206
12210
12218
12224
12226
12236
12242
12248
12252
12258
12264
12266
12268
12272
12274
12276
12280
12282
12284
12294
12296
12300
12304
12308
12310
12312
12318
12324
12330
12334
12336
12350
12352
12354
12360
12366
12368
12370
12372
12374
12380
12386
12390
12394
12398
12406
12408
12410
12422
12424
12430
12436
12438
12446
12448
12452
12454
12456
12458
12462
12466
12472
12478
12484
12488
12490
12492
12494
12500
12502
12506
12512
12518
12520
12522
12528
12536
12540
12542
12544
12546
12550
12552
12554
12558
12560
12564
12572
12580
12584
12586
12592
12596
12604
12606
12608
12612
12616
12620
12628
12630
12632
12634
12636
12638
12646
12648
12658
12660
12662
12670
12672
12674
12680
12684
12686
12690
12694
12698
12702
12708
12710
12712
12714
12716
12720
12724
12726
12728
12730
12732
12734
12736
12742
12748
12752
12754
12758
12760
12762
12764
12772
12780
12784
12788
12790
12796
12800
12802
12804
12806
12810
12812
12818
12828
12830
12834
12842
12844
12848
12866
12868
12870
12872
12874
12876
12886
12888
12894
12898
12914
12926
12928
12930
12932
12934
12936
12938
12940
12942
12946
12948
12950
12954
12956
12960
12962
12964
12970
12974
12976
12978
12980
12984
12986
12990
12994
12998
13000
13002
13008
13012
13016
13018
13020
13022
13026
13028
13030
13032
13034
13050
13052
13056
13058
13060
13068
13072
13074
13076
13078
13082
13084
13086
13088
13090
13094
13098
13116
13118
13120
13124
13126
13128
13130
13132
13136
13144
13146
13148
13152
13158
13162
13164
13168
13172
13176
13178
13180
13182
13184
13186
13188
13190
13192
13194
13204
13208
13212
13216
13218
13220
13222
13224
13228
13234
13236
13242
13248
13250
13254
13258
13260
13264
13268
13270
13272
13274
13278
13282
13284
13286
13290
13296
13300
13302
13304
13306
13308
13310
13314
13316
13320
13322
13324
13326
13328
13338
13340
13348
13356
13358
13364
13368
13370
13378
13384
13386
13390
13394
13396
13398
13404
13408
13410
13412
13416
13418
13420
13424
13428
13430
13432
13434
13440
13442
13444
13448
13450
13454
13456
13464
13466
13470
13472
13474
13476
13478
13480
13492
13494
13500
13506
13514
13520
13522
13524
13526
13528
13530
13532
13534
13536
13538
13540
13542
13548
13550
13552
13554
13558
13560
13562
13566
13568
13572
13576
13578
13580
13586
13592
13598
13602
13606
13610
13616
13618
13620
13622
13628
13632
13634
13636
13640
13644
13646
13648
13656
13660
13662
13666
13672
13674
13676
13682
13686
13688
13698
13700
13704
13706
13710
13712
13716
13718
13720
13724
13744
13748
13750
13752
13754
13756
13762
13766
13770
13772
13778
13780
13782
13786
13788
13790
13792
13798
13804
13810
13812
13814
13816
13826
13830
13832
13840
13844
13846
13848
13850
13852
13856
13858
13860
13864
13866
13868
13874
13876
13878
13880
13888
13890
13892
13896
13898
13900
13902
13906
13908
13910
13912
13914
13916
13924
13926
13930
13932
13938
13946
13948
13952
13960
13962
13966
13976
13980
13982
13986
13988
13990
13992
13994
13998
14000
14004
14010
14014
14016
14020
14022
14028
14032
14034
14040
14046
14048
14056
14064
14066
14068
14072
14074
14080
14084
14088
14096
14098
14100
14102
14108
14110
14114
14118
14120
14124
14128
14134
14136
14138
14140
14144
14152
14154
14156
14160
14164
14174
14176
14180
14184
14186
14188
14190
14198
14200
14202
14208
14216
14220
14224
14228
14232
14234
14236
14242
14250
14254
14256
14258
14260
14262
14270
14274
14280
14286
14288
14292
14296
14298
14308
14312
14320
14322
14324
14326
14330
14346
14348
14350
14354
14356
14358
14360
14368
14370
14376
14380
14384
14388
14390
14392
14394
14396
14400
14402
14410
14414
14416
14426
14430
14432
14438
14444
14446
14448
14450
14452
14456
14462
14472
14474
14484
14490
14500
14502
14508
14510
14512
14514
14518
14520
14526
14528
14530
14532
14534
14536
14542
14544
14546
14552
14556
14558
14560
14564
14568
14576
14580
14586
14592
14594
14598
14602
14606
14608
14620
14622
14626
14630
14636
14638
14646
14652
14654
14656
14672
14674
14676
14678
14680
14688
14690
14694
14698
14712
14714
14716
14720
14722
14726
14734
14736
14742
14744
14748
14752
14754
14758
14760
14764
14768
14770
14772
14784
14786
14788
14792
14796
14798
14802
14806
14814
14818
14820
14824
14830
14838
14840
14846
14854
14856
14866
14870
14872
14876
14882
14884
14886
14892
14894
14900
14902
14904
14906
14912
14914
14916
14918
14922
14930
14932
14936
14940
14944
14954
14958
14962
14964
14970
14972
14974
14978
14980
14982
14986
14988
15006
15008
15010
15012
15018
15020
15022
15028
15030
15036
15038
15042
15044
15052
15056
15060
15062
15066
15072
15074
15076
15082
15088
15090
15092
15094
15104
15108
15112
15118
15126
15128
15130
15132
15138
15142
15148
15150
15152
15156
15158
15160
15164
15166
15168
15174
15178
15182
15186
15188
15190
15200
15206
15208
15210
15214
15216
15218
15220
15222
15226
15228
15232
15234
15238
15240
15248
15250
15258
15264
15266
15268
15272
15282
15284
15286
15290
15302
15304
15312
15314
15316
15320
15332
15334
15336
15338
15342
15346
15350
15352
15354
15356
15360
15362
15364
15366
15368
15370
15372
15374
15384
15386
15388
15390
15392
15396
15398
15400
15404
15408
15410
15414
15418
15420
15422
15428
15432
15434
15448
15450
15458
15470
15476
15482
15486
15498
15506
15508
15510
15514
15518
15528
15530
15532
15536
15550
15552
15558
15560
15564
15568
15570
15580
15582
15584
15586
15594
15598
15602
15608
15610
15612
15618
15622
15626
15632
15634
15636
15638
15642
15644
15648
15652
15654
15656
15662
15666
15668
15670
15672
15674
15678
15682
15694
15700
15702
15704
15708
15716
15718
15720
15722
15724
15728
15734
15736
15738
15740
15742
15754
15758
15764
15774
15776
15782
15784
15788
15794
15796
15798
15804
15808
15810
15814
15816
15820
15826
15828
15834
15836
15838
15842
15844
15846
15848
15858
15864
15870
15872
15880
15888
15892
15896
15906
15912
15914
15916
15920
15924
15930
15934
15938
15948
15950
15960
15964
15970
15972
15974
15976
15986
15988
15992
15996
16000
16010
16024
16030
16032
16034
16036
16038
16040
16042
16044
16050
16052
16060
16066
16068
16070
16072
16076
16078
16080
16084
16086
16088
16090
16096
16098
16100
16102
16104
16106
16108
16110
16112
16116
16118
16122
16124
16138
16140
16142
16144
16146
16148
16154
16162
16164
16166
16170
16176
16178
16186
16192
16200
16208
16216
16220
16222
16226
16230
16236
16242
16244
16246
16248
16250
16252
16256
16260
16262
16266
16268
16272
16284
16286
16288
16290
16298
16302
16304
16312
16314
16320
16324
16326
16328
16330
16332
16334
16336
16338
16340
16342
16346
16352
16356
16360
16372
16378
16384
16386
16388
16392
16394
16396
16398
16402
16404
16406
16408
16412
16414
16418
16438
16442
16454
16456
16458
16462
16472
16474
16476
16480
16484
16486
16492
16494
16496
16498
16500
16504
16506
16510
16512
16518
16520
16522
16526
16530
16536
16538
16542
16550
16556
16558
16566
16574
16590
16596
16602
16606
16610
16612
16614
16616
16620
16632
16636
16638
16642
16648
16654
16656
16658
16662
16666
16674
16678
16690
16698
16702
16706
16718
16720
16722
16728
16730
16734
16740
16746
16766
16768
16772
16776
16784
16790
16794
16796
16812
16814
16816
16820
16822
16826
16828
16832
16834
16836
16838
16844
16846
16850
16854
16856
16860
16862
16868
16870
16876
16880
16884
16886
16888
16890
16894
16900
16902
16904
16906
16908
16916
16926
16928
16934
16940
16946
16948
16950
16954
16958
16962
16964
16966
16972
16974
16976
16984
16988
16990
16992
16994
17000
17004
17010
17012
17016
17018
17020
17022
17032
17034
17038
17040
17044
17048
17050
17054
17060
17066
17068
17074
17090
17098
17100
17106
17110
17112
17118
17120
17122
17128
17134
17136
17140
17142
17144
17146
17150
17152
17154
17160
17162
17164
17166
17168
17170
17172
17182
17184
17188
17190
17194
17200
17204
17208
17216
17218
17220
17224
17238
17240
17242
17252
17258
17260
17268
17270
17276
17282
17284
17286
17288
17290
17296
17298
17300
17304
17308
17312
17316
17322
17326
17328
17336
17340
17342
17344
17346
17360
17364
17366
17368
17376
17380
17382
17386
17388
17392
17394
17402
17406
17408
17410
17418
17422
17424
17434
17436
17438
17440
17442
17444
17446
17454
17456
17460
17462
17464
17468
17474
17482
17486
17488
17498
17500
17508
17514
17518
17538
17540
17542
17546
17548
17550
17552
17556
17558
17560
17562
17568
17572
17586
17592
17594
17596
17598
17600
17602
17608
17610
17612
17614
17628
17634
17636
17638
17640
17642
17644
17648
17654
17658
17668
17674
17676
17678
17684
17696
17702
17706
17712
17716
17718
17720
17722
17724
17728
17730
17740
17742
17748
17756
17760
17762
17764
17768
17770
17772
17778
17786
17792
17806
17812
17814
17816
17826
17828
17836
17842
17850
17852
17854
17858
17860
17864
17870
17882
17884
17888
17894
17896
17898
17900
17902
17904
17906
17908
17910
17924
17926
17928
17930
17936
17942
17948
17952
17954
17956
17958
17964
17966
17968
17972
17974
17980
17982
17986
17990
17998
18002
18012
18016
18018
18020
18022
18026
18028
18030
18032
18038
18040
18042
18044
18058
18060
18066
18070
18076
18082
18088
18094
18100
18102
18104
18106
18108
18110
18112
18118
18120
18122
18124
18126
18132
18140
18142
18144
18146
18160
18162
18166
18180
18186
18188
18190
18192
18194
18196
18198
18200
18204
18222
18224
18226
18230
18236
18242
18246
18250
18256
18258
18260
18262
18266
18268
18270
18272
18274
18276
18278
18280
18286
18288
18292
18294
18298
18308
18310
18316
18324
18326
18328
18334
18338
18348
18350
18354
18356
18370
18378
18392
18396
18406
18408
18410
18412
18424
18426
18432
18442
18446
18450
18454
18456
18472
18474
18476
18478
18480
18482
18486
18492
18494
18496
18500
18502
18504
18512
18516
18518
18520
18522
18530
18536
18540
18544
18546
18548
18550
18552
18558
18560
18574
18582
18584
18586
18588
18592
18596
18602
18604
18606
18608
18614
18616
18622
18624
18634
18640
18648
18650
18658
18660
18672
18676
18682
18686
18688
18690
18692
18694
18702
18718
18720
18722
18724
18728
18736
18746
18752
18754
18756
18762
18764
18770
18772
18776
18788
18790
18796
18800
18810
18812
18814
18816
18818
18820
18822
18826
18832
18838
18840
18842
18850
18852
18858
18860
18862
18866
18868
18872
18876
18878
18884
18892
18896
18902
18904
18916
18918
18920
18928
18940
18950
18956
18960
18962
18964
18970
18972
18978
18982
18984
18986
18990
18992
18994
18996
19000
19002
19006
19008
19012
19014
19016
19018
19024
19028
19036
19040
19042
19058
19066
19068
19074
19076
19086
19092
19096
19100
19108
19110
19114
19120
19122
19124
19126
19128
19130
19132
19136
19138
19142
19146
19148
19164
19166
19168
19172
19178
19180
19182
19186
19202
19204
19206
19208
19210
19212
19214
19216
19220
19226
19230
19240
19242
19248
19252
19254
19256
19258
19260
19262
19266
19270
19272
19274
19278
19284
19292
19300
19306
19308
19316
19322
19324
19332
19340
19342
19346
19350
19352
19360
19362
19366
19368
19372
19374
19388
19394
19398
19400
19404
19412
19420
19432
19434
19440
19442
19444
19446
19448
19454
19460
19464
19470
19476
19480
19482
19484
19488
19490
19498
19500
19504
19506
19508
19514
19516
19518
19520
19522
19538
19540
19542
19544
19546
19548
19550
19552
19560
19566
19572
19574
19580
19582
19584
19588
19590
19598
19600
19608
19610
19612
19614
19620
19622
19624
19630
19634
19636
19642
19644
19648
19652
19656
19658
19662
19670
19672
19674
19678
19686
19688
19692
19698
19702
19704
19706
19708
19710
19712
19714
19716
19718
19720
19726
19728
19744
19752
19754
19756
19760
19764
19766
19768
19770
19772
19774
19778
19784
19792
19794
19798
19800
19808
19810
19812
19814
19820
19824
19826
19830
19832
19834
19836
19840
19844
19846
19848
19850
19854
19858
19866
19868
19870
19872
19882
19890
19894
19898
19900
19902
19904
19916
19918
19920
19922
19928
19932
19934
19936
19938
19944
19948
19954
19958
19960
19962
19970
19980
19984
19986
19994
19996